1;90;43;6,458;0,5135;0,204;0,1726;
1;89;27;0,0007;0,0005;0,0003;0,0002;
2;36;63;0,0003;0,1872;0,0003;0,0003;
1;29;45;0,0003;0,0003;0,0002;0,0003;
2;45;38;0,0003;0,0012;0,0002;0,0002;
3;28;26;0,0003;0,0003;0,0003;0,0002;
1;10;20;0,0002;0,0001;0,0001;0,0001;
2;24;74;0,0002;0,0002;0,0002;0,0001;
3;56;99;0,0002;0,0002;0,0002;0,0002;
4;13;83;0,0002;0,0003;0,0001;0,0001;
1;84;40;0,0002;0,0058;0,0002;0,0002;
2;73;27;0,0002;0,0003;0,0002;0,0001;
3;90;90;0,0002;0,0003;0,0001;0,0001;
4;7;25;0,0002;0,0004;0,0002;0,0002;
5;28;17;0,0002;0,1603;0,0002;0,0002;
1;3;2;0,0002;0,0002;0,0002;0,0003;
2;77;64;0,0002;0,0003;0,0002;0,0002;
3;86;56;0,0002;0,0003;0,0002;0,0003;
4;45;96;0,0002;0,0003;0,0003;0,0002;
5;68;19;0,0002;0,134;0,0002;0,0002;
6;15;81;0,0004;0,0005;0,0002;0,0002;
1;43;35;0,0003;0,0003;0,0002;0,0002;
2;41;83;0,0003;0,0003;0,0002;0,0002;
3;92;87;0,0002;0,0003;0,0002;0,0003;
4;12;6;0,0003;0,0004;0,0003;0,0003;
5;97;72;0,0003;0,0004;0,0002;0,0003;
6;74;24;0,0003;0,0004;0,0002;0,0002;
7;23;73;0,0003;0,0005;0,0002;0,0003;
1;5;62;0,0003;0,0003;0,0002;0,0003;
2;6;78;0,0003;0,0003;0,0002;0,0002;
3;94;35;0,0003;0,0004;0,0002;0,0002;
4;30;17;0,0003;0,0006;0,0002;0,0001;
5;30;93;0,0003;0,0006;0,0001;0,0001;
6;55;88;0,0002;0,0005;0,0002;0,0002;
7;94;67;0,0002;0,0005;0,0001;0,0001;
8;18;55;0,0003;0,0004;0,0002;0,0002;
1;8;13;0,0002;0,0002;0,0002;0,0002;
2;21;10;0,0002;0,0003;0,0002;0,0002;
3;23;45;0,0002;0,0003;0,0001;0,0001;
4;36;25;0,0002;0,0003;0,0002;0,0002;
5;6;25;0,0002;0,0002;0,0002;0,0002;
6;4;10;0,0002;0,0003;0,0001;0,0002;
7;28;61;0,0002;0,0003;0,0002;0,0002;
8;17;88;0,0002;0,0003;0,0002;0,0001;
9;11;81;0,0002;0,0003;0,0002;0,0002;
1;95;13;0,0002;0,0002;0,0002;0,0002;
2;13;9;0,0002;0,0002;0,0002;0,0002;
3;2;73;0,0002;0,0002;0,0002;0,0002;
4;95;54;0,0002;0,0003;0,0002;0,0002;
5;72;38;0,0002;0,0002;0,0001;0,0002;
6;84;43;0,0002;0,0005;0,0002;0,0003;
7;65;19;0,0002;0,0002;0,0003;0,0003;
8;81;69;0,0002;0,0003;0,0003;0,0002;
9;35;86;0,0002;0,0003;0,0003;0,0003;
10;90;25;0,0002;0,0003;0,0003;0,0003;
1;75;92;0,0002;0,0002;0,0002;0,0002;
2;45;36;0,0002;0,0003;0,0002;0,0003;
3;64;84;0,0002;0,0004;0,0003;0,0002;
4;75;96;0,0003;0,0003;0,0002;0,0003;
5;59;14;0,0003;0,0007;0,0003;0,0002;
6;18;40;0,0003;0,0004;0,0003;0,0002;
7;95;45;0,0002;0,0004;0,0003;0,0002;
8;67;36;0,0003;0,0007;0,0003;0,0003;
9;76;62;0,0003;0,0005;0,0002;0,0001;
10;57;67;0,0002;0,0005;0,0002;0,0002;
11;22;90;0,0003;0,0004;0,0002;0,0002;
1;18;39;0,0002;0,0002;0,0002;0,0002;
2;70;30;0,0002;0,0003;0,0001;0,0001;
3;24;33;0,0002;0,0002;0,0002;0,0002;
4;19;46;0,0002;0,0005;0,0003;0,0002;
5;22;1;0,0003;0,0003;0,0002;0,0001;
6;27;52;0,0002;0,0003;0,0002;0,0002;
7;69;83;0,0002;0,0003;0,0002;0,0002;
8;49;21;0,0002;0,0005;0,0002;0,0001;
9;96;69;0,0002;0,0003;0,0002;0,0002;
10;35;31;0,0002;0,0003;0,0002;0,0002;
11;43;45;0,0002;0,0006;0,0002;0,0002;
12;19;96;0,0001;0,0003;0,0001;0,0001;
1;51;16;0,0002;0,0002;0,0002;0,0002;
2;60;11;0,0001;0,0002;0,0001;0,0001;
3;44;48;0,0001;0,0002;0,0001;0,0001;
4;48;24;0,0002;0,0003;0,0002;0,0002;
5;14;90;0,0002;0,0003;0,0002;0,0001;
6;23;17;0,0001;0,0003;0,0002;0,0002;
7;84;61;0,0002;0,0003;0,0002;0,0002;
8;64;34;0,0002;0,0005;0,0002;0,0002;
9;25;27;0,0002;0,0002;0,0003;0,0002;
10;84;94;0,0002;0,0004;0,0001;0,0002;
11;64;41;0,0002;0,0003;0,0002;0,0002;
12;45;57;0,0002;0,0003;0,0001;0,0002;
13;93;28;0,0002;0,0003;0,0002;0,0002;
1;86;10;0,0002;0,0002;0,0001;0,0001;
2;83;33;0,0001;0,0002;0,0002;0,0002;
3;69;12;0,0002;0,0003;0,0002;0,0002;
4;61;26;0,0002;0,0004;0,0002;0,0001;
5;49;11;0,0002;0,0003;0,0002;0,0001;
6;36;49;0,0002;0,0004;0,0002;0,0002;
7;34;61;0,0002;0,0004;0,0002;0,0001;
8;36;97;0,0002;0,0003;0,0002;0,0002;
9;91;77;0,0001;0,0003;0,0002;0,0002;
10;13;61;0,0001;0,0003;0,0002;0,0001;
11;10;57;0,0002;0,0003;0,0003;0,0003;
12;49;78;0,0002;0,0004;0,0002;0,0003;
13;82;59;0,0002;0,0002;0,0003;0,0003;
14;38;22;0,0002;0,0003;0,0002;0,0002;
1;82;59;0,0003;0,0002;0,0002;0,0004;
2;15;70;0,0002;0,0003;0,0002;0,0002;
3;40;61;0,0058;0,0004;0,0001;0,0001;
4;43;46;0,0002;0,0006;0,0002;0,0002;
5;99;27;0,0003;0,0004;0,0001;0,0002;
6;22;10;0,0003;0,0003;0,0002;0,0002;
7;93;34;0,0003;0,0005;0,0003;0,0002;
8;31;82;0,0003;0,0005;0,0002;0,0001;
9;20;9;0,0003;0,0005;0,0002;0,0002;
10;90;96;0,0003;0,0007;0,0001;0,0002;
11;71;16;0,0003;0,0005;0,0002;0,0002;
12;19;81;0,0004;0,0007;0,0002;0,0001;
13;37;30;0,0003;0,0005;0,0002;0,0002;
14;30;78;0,0002;0,0005;0,0001;0,0002;
15;49;30;0,0002;0,0008;0,0002;0,0002;
1;35;28;0,0002;0,0001;0,0002;0,0002;
2;91;58;0,0002;0,0003;0,0002;0,0002;
3;49;78;0,0002;0,0003;0,0002;0,0002;
4;75;86;0,0002;0,0003;0,0002;0,0001;
5;19;41;0,0002;0,0004;0,0002;0,0002;
6;66;63;0,0002;0,0003;0,0002;0,0001;
7;41;16;0,0001;0,0003;0,0002;0,0002;
8;82;67;0,0002;0,0003;0,0002;0,0001;
9;80;68;0,0002;0,0005;0,0002;0,0002;
10;8;17;0,0002;0,0003;0,0002;0,0002;
11;55;65;0,0002;0,0004;0,0002;0,0002;
12;86;37;0,0001;0,0003;0,0002;0,0002;
13;25;97;0,0002;0,0004;0,0002;0,0002;
14;87;66;0,0003;0,0003;0,0003;0,0003;
15;9;12;0,0002;0,0004;0,0003;0,0003;
16;48;19;0,0002;0,0003;0,0137;0,0003;
1;19;11;0,0003;0,0003;0,0002;0,0001;
2;79;42;0,0002;0,0003;0,0002;0,0002;
3;3;29;0,0002;0,0003;0,0001;0,0002;
4;94;15;0,0003;0,0004;0,0002;0,0002;
5;28;46;0,0003;0,0004;0,0002;0,0002;
6;41;17;0,0003;0,0006;0,0002;0,0002;
7;2;44;0,0002;0,0005;0,0001;0,0002;
8;2;85;0,0003;0,0006;0,0002;0,0002;
9;45;59;0,0004;0,0003;0,0001;0,0001;
10;74;34;0,0002;0,0004;0,0002;0,0002;
11;7;90;0,0002;0,0003;0,0001;0,0002;
12;20;84;0,0001;0,0003;0,0002;0,0002;
13;86;3;0,0001;0,0003;0,0002;0,0002;
14;31;83;0,0002;0,0003;0,0002;0,0002;
15;61;56;0,0002;0,0003;0,0002;0,0002;
16;33;99;0,0002;0,0003;0,0002;0,0002;
17;5;84;0,0002;0,0003;0,0001;0,0002;
1;6;27;0,0001;0,0002;0,0003;0,0003;
2;63;75;0,0001;0,0002;0,0003;0,0003;
3;48;36;0,0001;0,0003;0,0003;0,0003;
4;49;81;0,0002;0,0003;0,0003;0,0003;
5;35;9;0,0002;0,0003;0,0003;0,0002;
6;7;25;0,0002;0,0003;0,0004;0,0003;
7;42;32;0,0002;0,0003;0,0004;0,0002;
8;7;2;0,0002;0,0004;0,0002;0,0002;
9;82;72;0,0002;0,0004;0,0002;0,0005;
10;12;80;0,0003;0,0005;0,0007;0,0004;
11;58;65;0,0003;0,0004;0,0002;0,0003;
12;97;77;0,0003;0,0004;0,0003;0,0007;
13;61;88;0,0002;0,0005;0,0004;0,0004;
14;69;91;0,0022;0,0006;0,0004;0,0003;
15;34;69;0,0003;0,0005;0,0003;0,0003;
16;3;63;0,0002;0,0005;0,0002;0,0003;
17;52;80;0,0004;0,0006;0,0003;0,0003;
18;11;20;0,0003;0,0006;0,0003;0,0002;
1;51;58;0,0003;0,0003;0,0009;0,0002;
2;12;15;0,0003;0,0005;0,0003;0,0006;
3;55;18;0,0003;0,0004;0,0006;0,002;
4;46;66;0,0004;0,0005;0,0003;0,0003;
5;87;40;0,0004;0,0005;0,0002;0,0003;
6;56;47;0,0003;0,0006;0,0002;0,0002;
7;3;63;0,0003;0,0005;0,0003;0,0002;
8;94;92;0,0003;0,0006;0,0003;0,0004;
9;99;58;0,0003;0,0007;0,0002;0,0002;
10;96;35;0,0004;0,0006;0,0002;0,0002;
11;78;57;0,0003;0,0008;0,0002;0,0002;
12;38;29;0,0003;0,0006;0,0002;0,0001;
13;5;81;0,0003;0,0005;0,0002;0,0002;
14;78;87;0,0004;0,0011;0,0002;0,0002;
15;21;77;0,0002;0,0007;0,0002;0,0002;
16;77;29;0,0003;0,0006;0,0003;0,0002;
17;91;67;0,0003;0,02;0,0001;0,0002;
18;12;50;0,0003;0,0003;0,0002;0,0001;
19;97;52;0,0003;0,0008;0,0002;0,0003;
1;98;24;0,0002;0,0002;0,0002;0,0002;
2;73;9;0,0002;0,0003;0,0002;0,0002;
3;2;62;0,0002;0,0003;0,0002;0,0002;
4;60;99;0,0002;0,0004;0,0002;0,0002;
5;86;6;0,0001;0,0003;0,0002;0,0002;
6;32;32;0,0002;0,0003;0,0002;0,0002;
7;75;95;0,0002;0,0003;0,0002;0,0001;
8;54;42;0,0002;0,0004;0,0002;0,0002;
9;32;6;0,0002;0,0003;0,0001;0,0002;
10;20;73;0,0002;0,0003;0,0002;0,0001;
11;50;30;0,0002;0,0003;0,0002;0,0002;
12;28;5;0,0002;0,0003;0,0002;0,0002;
13;91;68;0,0041;0,0003;0,0001;0,0001;
14;37;78;0,0002;0,0004;0,0002;0,0001;
15;34;43;0,0003;0,0005;0,0002;0,0002;
16;62;58;0,0002;0,0003;0,0002;0,0002;
17;13;99;0,0002;0,0004;0,0002;0,0002;
18;96;60;0,0002;0,0006;0,0002;0,0002;
19;43;48;0,0003;0,0003;0,0002;0,0002;
20;15;51;0,0002;0,0005;0,0002;0,0002;